604 LITTERAE QUADfflMESTRES

collegio desta 00010013, (100(10 10 1001010100, 001000 013 muy
de veras y de 01001105 (1135 su 0011010ος y 00111000010 0100131·
105 suyos a 8313013003 3 oyr 00100110, (10500 3 005 0135 30105ἃ
(10 50 01111303, 000 00 31101 3030300 01 00150 00 philosophia en
que andauag y 00100 00 10 00010500 1131131 00 (1010003, 510000
00 105 suyos muy 0050300, 011 53010000 de 10 000 035303,
100100 3 (10000 50 3 (110110, 000 05 00000 051303 00 0311103 0313
8001113, y 11311303 00035100, 0301310010 000 grandes 001503510-
005 0313 5303110 00 50 0000 0310100, 10 0031 1000 100010 13011-
100010 01 110000 5010300 (101 80001, y 03111050 000 vn Padre de
los 00051105 3 8001113 (10000 0513 30013. (3005010010 01 80001,
amen. Y 0510 03510 0313 10 00 105 05100130105.

5. Ay 13100100 01105 000 (105030 501 100001005; 00110 105 003105
ay algunos 00 1111100 y 101135 530313005. De presente 0513 00
0353 113Ζ10000 105 0101010105 vn 530010010 y thedlogo, el qual
0500131005 5013 10000100 001 tener 000035 031105 0313 ello. Y
00005 0135 ha 100 10000100 vn hermano por 003010101 y buen
501010. (3005010010 01 80001.

6. Αο 531100 13110100 105 00051105 3 10001135 031105 desta
010030 3 0050031 13 (10011103 000 alguna 00013130100 00113, y
0)(001130100 3 50 guarda. 1ῧο 10 0031 05 0313 313031 31 80001
01 0000 affecto 000 000 1110051130 venir 3 051113. Vnos dexan
los naypes, 01105 505 00105, 01105 50 esgrima y otros juegOS.
Consuelanse en 3000510 0100110 105 1101103005 000 05101031 51-
001013 313110 juramento 0 0110 0000300, [01001135 000 105
00110000, ya 000 0113 0053 00 5303500, 5100 000 00 1101010 5101
crucifigentes filium Dei 1. Por enyo 30101 0500531105 00 3000113
1030013 de 1000110 000 3 50 80001 0010100 031, 05 0313 01105
113113 00050130100. Va otro 3 13 031001, y 501130 10001135 135
00010510005, 51 17010500 quien 135 0001050 011. De el 80001· 351
105 0010105, 00010 (13 13 01105. Εο110 135 000003010005 000 000
105 05100130105 110000 105 (105 0001050105 000 0313 01105 y 0313
10005 10000105 5011313005, 1100000130 01001105 00 105 001 000010
105 530130100105, 510000 3511103005 00 algunos de los 001035
Ρ30105 135 1105135. 800 13010100 113013005 105 00051105 0313 000-
10510005 00 fuera, y 0313 ayudar 3 0100 010111; y 0311100131-
010010 003000 alguno 50 ha de ,105110131ς 00 13 0031 351003, me

a antes supra vers.

¹ Cf. HEBR„ VI, 6.

