479. — BURGls 17 IANUARII 1561 105

00113100 13 5033 006 16013 0313 56 301631. Ε513 56 60016550. y
(1300013 61 861101 511 gracia, 16 fu& quitada 3006113 160136100.
0113 3013, 13 0031 auia 5100 muy 3130 066630013, y uiendo que
00 56 1136130 3130035 60535 60100 6113 006113, 13 3113100 116611303
vna 50330313 se 01631ς y 31110 3111300013 vn Padre de los
00651105, 56 001610.

6. Vn religioso professo 56 auia 531100 06 50 01060, y 60010-
0163000 600 vno 06 105 00651105 06516 60116310, y 0300016 3
60160061 10 0116 600060133 0313 511 31013, 56 1101010 3 511 mo-
06516110.

7. Εο 65135 1165135 (161 03610116010 (161 01110 16505 1600031011
5115 00105 105 Ρ30165 y 1161013005 600 0106113 061106100 y 600-
50610 06 10005.

8. 13160163 61 Ρ.θ (1135031 06 11660600, 166101 (16516 60116310,
60 0065113 51316513 3130035 1165135 y (101010305ς y 300006
13 51316513 0065113 65 06006113, y no eabe mucha gente, 653 006
01606, 65 dela 0135 011061031 (16 13 6111030. Τ3011160 0160163
0110 Ρ3016 en 13 631661, y 6056113 13 doctrina. Y otro 511616 hir
3 01601631* vna 16303 (16 13 6111030, (10006 56 3 1166110 0106110
010066110. La doctrina christiana no 56 3 dicho, como 50113, 001·
135 631165, 001006 60 6513 116113 500 105 11105 muy 166105, 51 105
500 60 1003 Ε503113. y 03531130 105 011105 3130 (16111106010 60
511 53100. Τ3011160 va 30613016 10 06 135 [01136165 311606011035.
0116 60 6513 610030 56 30 6001606300 3 11660361 001 medio de
003 muger 0011303, y de los 06 13 [1001031113. [Reliyiosa disci-
plina viget] Lo 0116 56 513116 65 061 06 1761110131.

9. Το005 105 061 60116310 06 Bethleem 06 Yellimar 116060 53-
100 60100131, 310113 31 03001 06113, y asi 3130 3031610 0313
6Χ611113156 01010013106016 60 lat obedientia, y para 60 1000 010-
60131 mortificationes, y 06331 511 1101011130 60 1000. Εο 6516
30016010 0311160131016016 [0001005 600 00600 1161001· 06 50
3010066031016010 6501111031, 01016100 01061135 mortificationes, y
60116 01135 116011 3 6513 610030, y 116031 3 6065135 63106 y vi-
00, 616. 60100 506160 3661 330303065; 6005601610056165 3130035,
135 0113165 600101161Οο muy perfectamente, Vn hermano coadju-
tor 160100131 0650065 (16 01061135 1110651135 06 50 3010066113-
0116010 111Ζο 105 00105. Tanbie'n vn Ρ3016 061 11165100 60116310
31116000 651300 11135 06 003110 31105 0650065 06 105 6116101105
11313000 600 105 00651105 y [0113000 51 3 61 60006013 0065110

a 3 vv. praec. supra vers.

