 

2³2 Ι,1’1”1’1;11,11; (31stvnum-:s‘slu-1>

Svswr. 1-211 111 1109119 51111(·1155111111 (19 1111111(111(1, 1101 1111111111591191911
1111951111 111-195111, 11110 11 91111 1111191111 091119.1’(11(’1105105 111111·111195
911 111195110 1110(10 (19 9111110. (1119 95 111111 110-1110111119 11 111 gente.

1111110 5911111111 (1951111115 (19 111 111-11119111 11115511; 1· (·111911(1111105 (19
1111191105. 1111119159 111111111911191119 (·01150111(10, 1· (111119 01105. 111 1111111-
(’911(1(191111.1·111111 1151111111 19911110 11111 1111111 11ογΑο 911 10 (119110, 1’ 1’11(’Δ
11111 10(’11(10 1· 1110111110 (191 5111111111 sumto. (1119 11110 111 1).““ rector
1 19 1111110 (·011 1111191105 11191105 19 195911119559 911 111 (1(1111111111111; ¹v

(lando 1111119 (195111 511 1111111191011. 111 (111111 (31 01119110 9511111111111. (11χο
(1119 1111195 (19 11(11191 (1111 110 111111111 11111·11(10 9011 affection 11119511115
905115. Α1111111115 591101115 111111911111195 1105 1111 (111110 (1111915115 905115
1111111 (11·1111111911105 11 1111951111 1111195111. (19 105 (11111195 1911911105 111191111
9011111. (11Ι (1119 1111191105 59 9011511911111 y 9(1111(·1111.

13. 111 (1111 (191 51111(·11551111(1 1101111119 (19 ,195115 111101111191111 glemu*
11 1111951111 19195111. 1* 911119 91105 ‹gente› 1111110 ⁴· 1111111111111 9011 105
59110195 111(111151(10195, 91 vno (19 105 (11111195 (11Χο 111 11115511. 1111-
111511’1’111(1019 (19 (1111901105 91 1’.“· 199101· 1’ 0110 11111190 111195110, 1’
(0111191011 11(11191 (1111 911 1111951111 911511 105 111(111151(101·95 1* aig-runos
9111111119105, 1’ 01105 (·111(111(1111105. (19110105 1111951105. 9011 Meg-ria:
1· 11551 5919191110 (3011 50191111101111 1111951111 1195111. ‚x‘ 111·9(11(·(’1 911
91111 91 1).·· Ᾱ111111 9011 511115111911011. Ν119511115 10105 59 1911011111011
vn (1111 (19 111 octaua (19 111 (11(’1111 1195111. y 9011 111195 591111195. (1119
59 11119119 91119111191 1111119159 1911011300 111 (·11111’1(111(1 911 101105.

st. Por 91 (111111111111191110 (19 osta 5010 (111(ἰ 11111 90511. (3119 111
111111’11(101·. 1101111119 11119110, 11110 11 1110 (19 105 Ι’11(1195. 1 1113111195-
11’111(1019 10 5991910 (19 511 11111111. 19 (11Χο 111111911 01110 1· visto 111-
0110115 vexes 905115 (1119 11111·11(1115 11 111 511119111919 1111119911111 (19
1)1(15. 1· 911111 901110 11(11191·1911(<111 1· 1111150 (19 905115 1101· 191111 1111111
91 901111111. 1911111 91 1101111119 11111911115 19κ95 111 1’11(11’9, ¹x* 19 90111111111
1115 905115 (1119 0111 y wia 11. 59111911111195 11 1115 111111191115, Α(“01159,1(’119
91 1’11(11’9 (1119 59 (101119551159 11 1119111100, y (1119 110 11919559 1119110
10 (1119 5919 offset-ia- 111 (0111111559 (19 5115010111119191. y (1119 95119-
13559 911 91 891101 91190111911(11’111(105910 (19 1011191111. (1119 1511 11111111-
1951111111 51 1111119110 1119559 1101· 1911111111 (191 111111 511111111. 0119099111
91 1101111119 111 90115910, 1 1117019 1111951ιό 8.(’1 11191·(’9(1 (19 (111119 ’11
9111901191(1911110 (19 110905 (11115 a 111 (’1111’11,(111910(10 aquello, 111111-
(1119 (191111Χο (19 111191111 11111119119111. 9111 9111111110 (191 (1911101110. (1119
11100111111111 1191119119 91 11111111, y 11551 59 (199 (1119 59 fu«3 confuso,
(1119(11111(10 91 1101111119111119 (19 todo. Sea gloria 11 11105 1101 519111-
1119, 911 enyo 51111110 1911101 y amor 1111111 (1119 951911105 5191111119,

⁴· 11111111 mx. ᾖ b (msemv muratum.

 

